# Methanol vs methanol (baseline check)
# nm  Abs
200.0  -0.0068
201.0  -0.0003
202.0  0.0015
203.0  0.0056
204.0  0.0033
205.0  0.0029
206.0  -0.0002
207.0  -0.0016
208.0  0.0028
209.0  -0.0007
210.0  -0.0011
211.0  -0.0011
212.0  -0.0024
213.0  -0.0002
214.0  -0.0008
215.0  -0.0002
216.0  -0.0011
217.0  0.0006
218.0  -0.0006
219.0  -0.0011
220.0  -0.0016
221.0  -0.0003
222.0  -0.0009
223.0  -0.0002
224.0  -0.0000
225.0  -0.0005
226.0  0.0001
227.0  -0.0002
228.0  -0.0003
229.0  0.0001
230.0  -0.0011
231.0  -0.0006
232.0  0.0000
233.0  -0.0002
234.0  -0.0001
235.0  -0.0008
236.0  -0.0000
237.0  -0.0004
238.0  -0.0003
239.0  -0.0015
240.0  -0.0008
241.0  -0.0004
242.0  -0.0007
243.0  -0.0004
244.0  -0.0005
245.0  -0.0006
246.0  -0.0003
247.0  -0.0000
248.0  -0.0008
249.0  -0.0009
250.0  -0.0006
251.0  -0.0005
252.0  -0.0005
253.0  -0.0006
254.0  -0.0008
255.0  -0.0007
256.0  -0.0007
257.0  -0.0007
258.0  -0.0014
259.0  -0.0007
260.0  -0.0001
261.0  -0.0006
262.0  -0.0007
263.0  -0.0008
264.0  -0.0007
265.0  0.0005
266.0  -0.0005
267.0  -0.0007
268.0  -0.0011
269.0  -0.0007
270.0  -0.0005
271.0  -0.0012
272.0  -0.0003
273.0  -0.0010
274.0  -0.0002
275.0  -0.0008
276.0  -0.0001
277.0  -0.0004
278.0  -0.0007
279.0  -0.0006
280.0  -0.0009
281.0  -0.0002
282.0  -0.0001
283.0  -0.0010
284.0  -0.0004
285.0  -0.0003
286.0  -0.0005
287.0  -0.0003
288.0  -0.0003
289.0  -0.0003
290.0  -0.0004
291.0  -0.0010
292.0  -0.0009
293.0  -0.0001
294.0  -0.0010
295.0  -0.0008
296.0  -0.0005
297.0  -0.0007
298.0  -0.0008
299.0  0.0003
300.0  -0.0007
301.0  -0.0010
302.0  -0.0003
303.0  -0.0001
304.0  -0.0010
305.0  -0.0010
306.0  -0.0008
307.0  -0.0009
308.0  -0.0006
309.0  -0.0005
310.0  -0.0008
311.0  -0.0007
312.0  -0.0005
313.0  -0.0011
314.0  -0.0006
315.0  -0.0005
316.0  -0.0004
317.0  -0.0009
318.0  -0.0004
319.0  -0.0007
320.0  -0.0016
321.0  0.0004
322.0  -0.0013
323.0  -0.0007
324.0  -0.0004
325.0  -0.0006
326.0  -0.0004
327.0  -0.0009
328.0  -0.0010
329.0  -0.0015
330.0  -0.0013
331.0  -0.0006
332.0  -0.0003
333.0  -0.0003
334.0  -0.0007
335.0  -0.0008
336.0  -0.0011
337.0  -0.0002
338.0  -0.0009
339.0  -0.0013
340.0  -0.0009
341.0  -0.0013
342.0  -0.0007
343.0  -0.0011
344.0  -0.0014
345.0  -0.0008
346.0  -0.0014
347.0  -0.0010
348.0  -0.0015
349.0  -0.0013
350.0  -0.0011
351.0  -0.0006
352.0  -0.0008
353.0  -0.0010
354.0  -0.0002
355.0  -0.0007
356.0  -0.0010
357.0  -0.0010
358.0  -0.0002
359.0  -0.0006
360.0  -0.0005
361.0  -0.0012
362.0  -0.0012
363.0  -0.0007
364.0  -0.0003
365.0  -0.0009
366.0  -0.0007
367.0  -0.0007
368.0  -0.0006
369.0  -0.0001
370.0  -0.0009
371.0  -0.0006
372.0  -0.0011
373.0  -0.0008
374.0  -0.0001
375.0  -0.0012
376.0  -0.0010
377.0  -0.0011
378.0  -0.0009
379.0  -0.0011
380.0  -0.0007
381.0  -0.0005
382.0  -0.0003
383.0  -0.0007
384.0  -0.0014
385.0  -0.0010
386.0  -0.0007
387.0  0.0002
388.0  -0.0010
389.0  -0.0015
390.0  -0.0005
391.0  -0.0005
392.0  -0.0012
393.0  -0.0008
394.0  -0.0008
395.0  -0.0012
396.0  -0.0009
397.0  -0.0010
398.0  -0.0010
399.0  -0.0011
400.0  -0.0010
